-990 0 0 0 0
20 0 0 0 0
21 0 255 0 255
22 0 237 0 255
23 0 220 0 255
24 0 203 0 255
25 0 186 0 255
26 0 168 0 255
27 0 151 0 255
28 0 134 0 255
29 0 117 0 255
30 0 255 0 255
31 255 255 0 255
32 255 245 5 255
33 255 236 11 255
34 255 226 17 255
35 255 217 22 255
36 255 207 28 255
37 255 198 34 255
38 255 188 39 255
39 255 179 45 255
40 255 170 51 255
41 255 0 0 255
42 242 0 0 255
43 229 0 0 255
44 216 0 0 255
45 203 0 0 255
46 190 0 0 255
47 177 0 0 255
48 164 0 0 255
49 151 0 0 255
50 139 0 0 255
51 128 0 128 255
52 120 4 120 255
53 112 8 112 255
54 104 12 105 255
55 96 16 97 255
56 89 20 89 255
57 81 24 82 255
58 73 28 74 255
59 65 32 66 255
60 58 36 59 255
61 255 255 255 255